0 0 0 0 0 1 0 0 0 0 0 8 0 0 0 78
0 0 0 0 0 0 0 0 11 0 0 0 0 0 0 0
0 0 0 6 0 0 0 0 0 0 0 99 0 0 0 0
0 0 0 0 14 0 0 0 0 0 0 0 0 0 0 0
34 0 0 0 0 0 4 0 0 0 0 2 0 0 1 0
0 0 0 82 0 0 0 0 4 0 0 0 0 3 0 0
23 4 8 9 0 0 0 0 0 0 0 0 0 0 0 0
0 0 0 0 0 0 44 0 0 9 0 0 0 0 0 0
0 0 0 0 0 0 0 0 0 0 0 0 0 0 0  0
0 0 123 0 0 5 0 0 0 0 0 0 0 0 0 0 
0 0 0 0 0 0 0 0 0 0 27 0 7 0 0 0
1 2 3 4 5 6 7 8 9 10 11 12 13 14 15 16
0 0 0 0 0 4 3 2 0 0 0 0 0 0 0 14
0 17 18 0 0 0 0 0 0 0 0 0 0 0 0 3
0 0 0 91 0 0 6 2 9 0 0 0 0 0 0 0
0 0 0 0 0 0 0 0 0 0 0 0 4 0 0 13
